    1570 6182E42R122222222211292223114921433393331111313276213112   42.38       1
    2631 6181E36S122222222111112223119411143219231111312697212314   21.15       1
    3609 6182E34S122221211111122222114411342223331114313183212113   34.04       1
    4732 6181E34S221292922319212223192419929192434312313432212213   39.69       1
    5610 6182E42S199229121391112223129411232291114119313256232113   43.19       2
    6718 6181E36U122222221211112223119911223211231111313326211115   14.23       1
    7570 6181E42U212222222394191922234312312422412321323213221113   26.04       2
    8609 6182E34S219111122311211919113911993213339129311643212314   14.58       1
    9610 6182E42U122229222311112223113913293213331119313603211314   33.50       1
   10518 6182E36R122212922314211221212413412213431113332593233211   22.65       2
   11570 6181E42R222222222319112221113933413223939129332613213311   43.00       1
   12212 6182E36U222222222211222223113911129223233311312376211115   14.50       1
   13412 6181E42U111999999399992291199911199993939211313276211114   23.12       1
   14716 6182E36S292229929319112222119911999222931929234715212314   21.23       1
   15718 6182E36U222222222311119221121413133223331111313494211215   15.96       1
   16516 6181E36S121229922311122223213913499223434311312815212315   21.69       1
   17631 6182E36S222222221311911221294441439423411219333303232114   29.69       2
   18215 6182E42U122222222111212222113411133211411111312747211315   11.54       1
   19718 6181E36U122212212393321123239332249121431319332363111115   19.69       2
   20724 6181E42S121111991311922221114411133213431111311706212312   41.00       1
   21724 6182E42S212221221319112221493911293233333121113426212213   22.92       1
   22814 6181E42R222222222341911112234312419221399991321782213311   43.69       1
   23570 6182E42S122222222341112222312911414233431311312235212113   24.62       1
   24231 6181E26S122222211329119222394311221193434139323223212121   43.73       1
   25815 6181C17R222212221319912221313421393213421929312606213321   41.31       1
   26717 6181E42S111111212311222191119111393299431119313796212313   51.00       1
   27716 6182E36S212212122311212223413411339223331311111526212213   21.58       1
   28513 6182E39S111111912111222221114411133213231112311736212325   41.88       1
   29715 6181C55R111191211341111222113411193221331411211767213321   41.00       1
   30815 6182C17U211111111319192229999913239423411121311245211123   36.00       1
   31765 6182E18U222222921319912213929911999993419911113445211222   44.62       1
   32773 6181C17U222222222311212229312913339113431311223505221225   15.27       2
   33920 6181C55R222211122313211221112122131213431121313523213222   44.12       1
   34217 6182C17U222222222319221221112911299223431131332533211222   34.12       1
   35937 6181E39S221119291394221123133412333232414419333613212324   35.62       1
   36608 6182C55S222222221211991222113911293213331211112396212122   23.12       1
   37513 6181E39U111111122311121221413421293213431319311667211323   51.23       1
   38920 6182C55U222222221111112221114429433219223412312806211322   41.00       1
   39269 6181E26S122221122213292223133321123223434119313225212122   44.92       1
   40715 6181C55R122222221219112223113222143422331419112306213121   42.54       1
   41847 6181C17S222211222313912221223911933213313931213455212225   14.42       1
   42765 6182E18S222222222211212221112413332232331111312733212321   52.31       1
   43920 6182C55S111111121291121223393921439291234319213183192122   47.69       2
   44248 6182E26S221111212111191121113411999913331211111763212324   33.54       1
   45989 6182E26R222212991311292221111911919293999129321655213321   31.00       1
   46419 6181E39R122211212311911221914491999492411333341756213321   51.00       1
   47317 6181E18S222222221219122221313412233223431311213456212223   51.92       1
   48630 6181C17S222221111319491221112991449223939191131773212325   44.81       1
   49815 6181C17S222222222312112212112413321213422311333725212323   51.35       1
   50812 6181E18S221111111319911929993999999993139999391665212323   41.35       1
   51937 6181E39U122212229311119221323911429223432219332743211324   33.00       1
   52607 6181E36S222222922211112221112113199223421221313795212312   21.00       1
   53815 6182C17S121119992319922122493411323112333321312295212123   56.58       1
   54419 6182E39R121212212313222222314911434133431211111434213222   55.15       1
   55330 6182E39R111221222394321113212941294323434211133246213122   52.54       1
   56740 6181E39S111111212111122122114411113211431111311587212222   51.54       1
   57260 6182E18S222222222399911129299992999223499399332813212323   53.12       1
   58231 6182E26R129212222313111221393911199223939319932592213221   24.65       1
   59765 6181E18S111111212111122121114421232213131311311366212122   42.81       1
   60404 6181E13U122222221314212221113411432223111114312306211134   23.92       1
   61614 6182E39U122292292313219112391913921492421144312303211125   38.88       1
   62734 6182E26S199919292391121229113421249931131329111555212225   12.96       1
   63248 6182E26U122222221111292221113913493212331111112736211324   31.38       1
   64727 6181E12S222212222319112221212912299922919229311789212333   31.50       1
   65336 6181E37U222212222313212221339932199423431139132486221233   32.35       2
   66404 6181E13U211111112319221992114411233213213311311466211234   22.27       1
   67386 6181E12U112212122313421113143413493113434341312395221133   25.19       2
   68850 6181C12R122222911311121123221431149422412211323483213231   54.96       1
   69412 6182E42S212212919311422222119912223223111121311336112114   28.69       2
   70540 6182E51R119112221341211211229993299423439229333442213231   59.69       1
   71540 6182E51S222229219339111993292912393123439921333636212332   51.54       1
   72304 6181E54R222222222211212221114411422211331111312626213331   31.31       1
   73727 6181E12S112211212311221122124423323233291119311235212135   38.96       1
   74910 6181E37R221111119319121222999411493222339919331435213231   24.04       1
   75336 6182E37S122122221319211223113913442222431311313595212233   31.96       1
   76540 6181E51S222222222319212221314911999233331219313496212232   41.73       1
   77703 6181E51S122222222111292221114411123212431111313625212335   33.04       1
   78828 6181E37S222219992313112221113411233212431121113646212333   41.77       1
   79336 6181E37S122222222311112221411212423222433112313603212332   53.35       1
   80336 6182E37U211221129399292129439911433122214111331666211333   31.12       1
   81704 6181E37U122222222391291192299943499193499119312565221233   52.35       2
   82304 6182E54S299219992311211221293413999233331212333755212332   31.19       1
   83843 6182E45S129112929312191993114913999293431129311696212332   41.08       1
   84828 6182E37S111111212111122129114921149213131119313426212233   43.31       1
   85803 6182E45S112911912319911121914992999923329129333793212333   52.69       1
   86706 6182E13R121119192231922121119911492312431311111737213331   41.00       1
   87919 6182E37S119211292314222221114922193213413111313777212331   31.00       1
   88252 6182E37R211111111313221221221411493323439229391473213231   43.62       1
   89770 6182E13S112111211211929129114911123213934119315625212334   52.23       1
   90352 6182E12S122212292323212222114421313211231111311406212232   42.85       1
   91727 6182E12U111111912319121222114911243212931111391425211235   36.73       1
   92727 6182E12S291211112391321229992942999493439999341712212335   39.58       1
   93757 6182E51U212222221341112221242211422222433329119395221134   47.35       2
   94703 6182E51S212212222313211221312911419233491221312576212235   32.73       1
   95321 6181E12U211111111319329223411411422231231322323417211233   43.65       1
   96336 6182E37U212211222311112221113411229232433421112486211233   31.96       1
   97717 6181E42S222212222391211221223321449293233312122297212113   44.27       1
   98615 6181C47S221111212319922122119429999292431111311486212232   51.73       1
   99615 6181C47S191111121119122113114411233212231212111367212132   52.85       1
  100865 6182E47S111911212319921922919911993223431311324323212133   45.85       1
  101865 6181E47S111111212111222111113211133212431219111586212232   31.54       1
  102508 6181E25S111211111391422229299919991492219119333183212113   24.04       1
  103203 6181E 9S222222122319112221913923499293431111313595212214   11.96       1
  104256 6181C 1S222222929319999222921991499493491929331652212332   45.38       1
  105508 6181E25S222222122111112221112411111219431311312765212314   11.23       1
  106860 6182E 9U121211212399912222113421329293131419311415211213   23.46       1
  107860 6181E 9S219112912391122222919411213491233111313995212913   21.69       1
  108802 6181E50R222222221313112221411323933223433121312506213211   21.19       1
  109859 6182E21S122112212111121122114411233213131311111305212133   56.69       1
  110256 6181C 1R222222229319911921314992411333929929322695213331   21.00       1
  111334 6182C 1R211111112119122221111423124213311211111465213231   52.19       1
  112302 6182E10S122222222311912221114421133233231119312645222334   12.65       2
  113601 6182C28R211911212214222221113413133212431112311675213332   51.19       1
  114910 6181E37S122222221111122123114421121213131111313396212131   42.46       1
  115803 6182E45S122222222311192222112419133211111331199545212233   24.77       1
  116757 6182E51U291111212311921222414413299133931112311803111334   46.42       2
  117218 6181C27S122221922319121122194411133232331312313416212221   12.42       1
  118785 6182C20R112212122219212221114421233213413211313396213122   52.81       1
  119256 6182C 1S222292222399919921192911431223331112333583212232   44.35       1
  120717 6181E42S211111911313221192212421929423434111331944212313   52.54       1
  121507 6181C27R211111111312121123412411219223411141111466213221   51.46       1
  122816 6181C29S222212222319221229219992939199439929111396222124   14.88       2
  123515 6181C19S222229122119121222413413433212411111312416212223   23.62       1
  124603 6182E33U112112222311222222113411999223431119311576211213   31.42       1
  125952 6181C27S222222122111112222113411139212311111113506212225   23.00       1
  126701 6181C38R122222222311112223114423123213211111313524213221   54.88       1
  127402 6181C31U222222222399111222214411439423413111331553211224   45.62       1
  128781 6182E25S222222922311112223114921291293411111312676212314   11.00       1
  129701 6181C38R122292119399212221293412421232331319333493213221   54.88       1
  130763 6181C27S222222922211212222914411143293133314312717212325   21.69       1
  131203 6181E 9U222222921311912223419411199223931111312997211914   11.27       1
  132785 6182C20U222222222342211221213442494431424131222675221323   31.58       2
  133620 6182C20R211111212214221213413911199323931111311376213121   52.69       1
  134978 6181E25S122222929312112221114311233213414111313456212214   13.27       1
  135501 6181C 5S122222222311211222114921993293431119313706212333   21.27       1
  136203 6182E 9U129211229334911222439432249492491219323232111114   19.69       2
  137918 6181C40R222212122312112223113421223292311111313397213131   42.73       1
  138918 6181C40S122222122331111221222412412421431121332313212131   44.38       1
  139918 6181C40U111212111319922221113999999293439329312353241134   58.04       2
  140601 6182C28S121112212319122121113112199221431239211543212232   55.73       1
  141903 6182C48S119221222319922222114213313213411119313685212333   51.38       1
  142479 6182C 5U212222221311222222313213299212411311312567211232   41.54       1
  143918 6182C40U211111111342222222313311223222134111111246211134   53.19       1
  144972 6182C48U222229299319912221113411133219231911312307211133   55.35       1
  145210 6182C48U221111212319922223213921124223431291331703211334   43.62       1
  146859 6182E21S111911212211121223113921143211421219313625212334   52.23       1
  147972 6181C48U222222222314212212242431444412431212322183121135   49.69       2
  148405 6181C40S122222922392112221141412422492433111312296222133   54.12       2
  149972 6181C48S222221222313212221112423334232433111313606212333   51.77       1
  150903 6182C48R221111112319121121213911499993423111311783213331   52.35       1
  151225 6182C22S211111212111921121113412499323431311111463212234   45.50       1
  152918 6181C40U222222222312212221111122243213434213323625211334   52.46       1
  153641 6181C19R122211922319122129114411393292931311313483213221   34.88       1
  154225 6181C22S122212122221212221114221232213431114311414222234   48.27       2
  155281 6181C48U122229221311192223114421133213431111312697211334   41.42       1
  156918 6182C40U121111212113122121113411123211431111311506211234   54.12       1
  157479 6181C 5S121111192311991121434923299991423119311875212332   51.19       1
  158337 6182C22R121211212319922221114913123232411319311426213231   42.46       1
  159303 6181M 8S122212111399421221393239229392433319333212212145   19.35       1
  160623 6181Z 4U191111112311122121111112213223432311121405211243   44.42       1
  161435 6181M49U222292199319921221119993999393499391319655211341   51.04       1
  162806 6181C48R191922222311922221114491193293431919313681213331   53.35       1
  163972 6181C48S122229212319291223213442322211421413322816212333   51.27       1
  164719 6182M 8S222222929244221112314411224223334221333793212341   22.38       1
  165970 6181M 8S111111212311221123113411123313431411311655212341   51.04       1
  166520 6182Z 4S122292222232112113334412423412433124123203112141   26.85       2
  167719 6181M 8U112222991394221223292923424223334119312265131142   59.69       2
  168505 6182M35U111199111343221912293412114991331213331189911143   33.35       1
  169435 6182M49U211111212311211223214313313223433113311286211141   54.08       1
  170360 6182P53S122222222311112222114311133211411111313587212241   31.35       1
  171209 6182P 6U122222229392419221219929999922991429332752211343   34.50       1
  172509 6182P53U111211112319222222113421133221311111213333211141   54.46       1
  173509 6182P53S222292212332112222323123111133131119312316212141   54.08       1
  174218 6182C27R122222221311119223312411233211131211343677213321   41.00       1
  175360 6182P53R222222222391211291329413219293429119313893213341   42.38       1
  176916 6182P 6S222222222311212222114423123211431111312527212244   32.27       1
  177308 6182C31R211221211399222221293419931293333119313315213122   59.69       1
  178831 6182P 6S211111222313122221312421423233233311311246212142   12.46       1
  179818 6182P 6U122112111391411121424912229132929119342643141345   19.69       2
  180714 6181P 6U129111292311292922113911491212933111313755211345   42.15       1
  181520 6182Z 4U292222222311292223414911219393331119112583111241   26.77       2
  182541 6181P41U192222221399192221244421429393133211312297211141   22.62       1
  183831 6182P 6S229222221319112121992911999123431111312647212342   11.54       1
  184510 6182P 6U122222229111112292113411133211431311112346211144   13.96       1
  185360 6181P53U222222222399111211394911499293311219332475211243   32.96       1
  186702 6182P32U222212222319919991191913299993434921232573211242   44.42       1
  187775 6181P32R291111229394991119991919993493439921333555213241   11.65       1
  188818 6181P 6U219111121319422129113411193213431312313995211945   13.35       1
  189509 6182P53U111112112111222111114412133213431111311826211341   51.00       1
  190503 6181P41S122222192341211222414423341122431311313547212244   14.15       1
  191818 6182P 6U122222222313112221112413142213431114312506241245   16.54       2
  192505 6181M35U222222222112112221119921243212433411312867211341   11.00       1
  193310 6181P 6U222222919311222221113411133212421111312836211345   11.73       1
  194360 6182P53U222222922319111223994421949311431119313556291243   32.08       9
  195925 6181P 6S221111111329921992194942449422414311312855112344   12.77       2
  196360 6181P53U121122921314122221414919213223414941399516211241   32.73       1
  197916 6182P 6S122212222311211121412911949293411119312445212244   35.04       1
  198760 6182P 6S122222222311212221114421131211331113313785212343   31.38       1
  199562 6181P 6S121112121331112223112411233212431111311674212345   44.23       1
  200509 6181P53R211211111399121921399499299292493119314195213141   54.62       1
  201503 6182P41U122212121313122222114422123213231112312436211244   13.81       1
  202619 6182P 6S221221122311111222291991419993433919111555212243   32.19       1
  203714 6182P 6U211111119393921112214911949493431111342823211345   44.92       1
  204559 6181P 6S221112112399922221292411439193434322332473212242   44.23       1
  205714 6182P 6S222212211313212221113911433222433323312785212345   42.12       1
  206323 6181P 6U212291229319912221992913299193419219332853211345   14.92       1
  207920 6191C55U122292229211222222912911339233939329313615211322   41.65       1
  208513 6192E39S222222222319912213122912412213333114113407222225   46.62       2
  209937 6191E39S222222222311121221211211222222134111133236122124   35.58       2
  210219 6191C18S122222929311912223114421193112931111312697212324   11.38       1
  211269 6191E26R111211191331311222433221211293331119311233213122   54.31       1
  212937 6192E39S229292229314992121212912499299929199333663212324   33.54       1
  213630 6192C17U212212212314111221212111419123431221312603211325   47.62       1
  214715 6191C55S222221122311112221112111233213411111312735212321   11.00       1
  215440 6191E39R122222929211112221113923441213933112312675213322   31.15       1
  216765 6191E18S219122922311221222414911339231412311133653212321   32.31       1
  217618 6191C17S222222222311112221113923223223333121312656212323   21.08       1
  218740 6191E39R122222222213112229114111123211331111213303213121   54.31       1
  219815 6191C17R222222221341211113124433299233421332333585213222   31.85       1
  220231 6192E26R222112212313222222114913333293431119311607213321   41.31       1
  221920 6192C55R122222222331912222313432323232431311312823213322   42.31       1
  222812 6191E18R222212999399929929191992399493994911329493213222   34.12       1
  223815 6191C17S122221221311212221133912413211421219343783212323   32.65       1
  224920 6191C55U121111112319922222413991493213431219311706211322   41.08       1
  225608 6192C55S122222122111212223114411113212311214312622212323   16.23       1
  226920 6192C55R122222912399911111239992429292339129334363213122   45.15       1
  227765 6191E18U222222222312121222324412123323331222313455211222   42.50       1
  228847 6191C17U222222222111912221113921191211233121312663211325   14.81       1
  229815 6192C17U122222222111122223114411133212431111313603211323   33.77       1
  230217 6191C17U122222222311211223414411233292421319312645211322   31.65       1
  231919 6191E37S122222121111211223114411223211411111312737212331   31.00       1
  232704 6192E37R211111212113129122114411933233431312121525213232   42.54       1
  233229 6191E13R222211221311212221411412413423433919332555213231   51.62       1
  234336 6192E37S222221222319211222314411129212331111313537212233   31.96       1
  235770 6192E13S211111112311922222313911999211939129311775212335   12.08       1
  236336 6192E37U122222221111912222114111233213411214312477211233   33.62       1
  237412 6192E42U222222222343111223314411299433431341324652221314   26.73       2
  238828 6192E37S222222222319212223113311439213231111312476212232   51.73       1
  239706 6192E13S222222222313912221112913493233434319313593212231   53.77       1
  240803 6192E45S122222222323112223242313333423424112343243222133   56.08       2
  241772 6192E12S211111212311111221413413419223431224331516212232   41.73       1
  242304 6191E54R222222222311912222414121439213131112313633213331   43.77       1
  243803 6191E45R122222221399921221299431419392433119312355223131   13.88       2
  244252 6191E37R122222229399919229999992933299939119333637213332   51.54       1
  245704 6191E37R111221222394912299292349393493291343392996813932   51.38       1
  246478 6191E13S212211221333122222413311443231211311113267212133   35.35       1
  247301 6191E24S122211222311212222114113133233131114113355222134   15.92       2
  248864 6192E45R121111212311921221319931999993334199331545213232   44.12       1
  249850 6192C12U222222222311212121319411299221339349342503221232   55.00       2
  250813 6191E12U221911112319221223113421329423331112331555211234   32.46       1
  251352 6191E12R222222222311112222413212233233231124312707213332   41.00       1
  252239 6191E12S221112222399221221999992999293439929331642212332   58.54       1
  253609 6191E34S212221222313112212412413333213131124312505212213   32.35       1
  254828 6191E37S221211211399921222944933439493499919331762212332   55.38       1
  255912 6192E13R222222221391111222191911319993222133313675243331   51.19       2
  256410 6191E24S222222122111112221112421933213431121312783212334   43.62       1
  257304 6192E54S112211212311122222114421133212231111313617212332   51.54       1
  258407 6192E12S221111212319111211113911443212432219311463212234   35.50       1
  259410 6192E24S222212222319911221413923213213933211311635212334   22.46       1
  260304 6192E54R122112222313121121113221412212431214333735213331   31.04       1
  261301 6192E24S222222221311212223413413433213331111112436212234   14.19       1
  262954 6192E12U122222222332112122414123322213431213313343211134   16.69       1
  263404 6191E13U119299129313192222114411431213411319214995291934   22.96       9
  264614 6192E39S222222222311212222113923493293499111212763212322   52.69       1
  265304 6191E54S122112222399121222299493229293331229312393212131   54.54       1
  266618 6191C17S222212212393911123239142411132421311332475212223   22.88       1
  267678 6191E13S112122229311122222113313299213913219312483222234   59.00       2
  268904 6191E12U122112121399922229399913499393339329342405221234   45.92       2
  269732 6191E34S111111912214921991314121939232431329331817212313   31.00       1
  270609 6191E34S122222122111992222113411133212431111312697212314   11.15       1
  271616 6192E26S222222222119212222213411499213133141314735212323   51.35       1
  272610 6192E42S122221221111112222114411433213331113313646212313   41.42       1
  273856 6191E34S129121212319922123114411139213431119311577212215   12.19       1
  274718 6191E36U111221211319222221113423433212331311111347211115   14.23       1
  275516 6192E36S192222222311192221112121123212431111333566212215   22.19       1
  276484 6192E42S122222122119122221113919333213431111112387212113   42.65       1
  277215 6192E42U192299129111122222114411133211431114312607211315   12.19       1
  278856 6192E34S222222222323112221113413221222434112112395142113   27.69       2
  279304 6192E54R222292999399119921919921419993439121312836213331   51.00       1
  280516 6192E36S222222221311122223113311222223432121313647212315   22.15       1
  281601 6192C28S129212222319121223294412931293433999331496212231   52.69       1
  282802 6192E50R222222291391919192124999499193494121333845213311   21.00       1
  283901 6192C47S122222222111112222114411199132131314313655212334   21.58       1
  284615 6192C47U222221222111112221113913133213911911313647221334   22.38       2
  285251 6192C 1R191111292211121121313211343213411111311677213331   51.00       1
  286615 6191C47S122222222312112222114223229221434119313575212232   41.69       1
  287731 6191C47U122211122399912221334913199292434219312513211232   45.73       1
  288931 6192C47R222222221344291992119939999923199999329326213132   34.65       1
  289606 6192E21R112222211111222223312411221322231213212195213131   14.35       1
  290865 6191E47S111111212311229222114411413212411119311735212333   41.38       1
  291931 6192C47R111111112399111121311912291193234119311543213231   24.96       1
  292601 6191C28R222222222214211221311411443321311122339424213231   46.69       1
  293402 6191C31U111111112111122222114923133213431111311566211224   42.00       1
  294610 6191E42S222221111319112221213411942311131211113376212113   42.92       1
  295636 6192C29S122211122311122222413111923213431119312704212322   32.31       1
  296402 6191C31U211111212313221221314411423221411312311635211324   42.42       1
  297319 6192C19U291111999319929129919999993299499399313815211322   21.15       1
  298515 6191C19S222212121344211222233311223413333223212267212123   25.27       1
  299515 6191C19S122999292311922921114422191219991419315993212922   32.62       1
  300314 6192C29S122222221111192221113411144213331111342436212225   25.00       1
  301203 6191E 9S122222222311212222114413223911431311313505242214   25.04       2
  302651 6192C27S121111212311922222113929293212431919313505212225   17.23       1
  303508 6191E25S119111112211929221314919249222491119331793212314   12.46       1
  304607 6192E36S211111112314321123212413323211331111341685212312   21.00       1
  305573 6192C29R111111212311121122113411333213421212111356213122   42.81       1
  306225 6192C22S111111212113121122114411443213423411311603212334   44.38       1
  307318 6191C22R122222222344111111223412224222431312112503213232   25.73       1
  308504 6192C22U122222222111112223114411133212411111312627211334   42.04       1
  309936 6191C48R211111122313121223113111443223431313111415213231   44.04       1
  310405 6192C40S222222222313211922113421312233414111314735212333   51.35       1
  311605 6191M46U229121122319112221114911229291931119311513211221   53.54       1
  312281 6191C48S222221292311212121114911333213231122213723222333   43.77       2
  313409 6192C48R122222222311112223113412433211431111312736213331   51.00       1
  314918 6191C40S121112212393311123424911411293331421312417212231   42.46       1
  315417 6191C29U229999999311192221113411143213211111214673211323   43.12       1
  316281 6192C48S211111111391911229111911999293439111313366142134   47.42       2
  317479 6191C 5U222221222119112222114421123211311111311476211232   41.73       1
  318918 6192C40U222222221299911912234342493122421419342675221334   51.85       2
  319972 6191C48U121111112319921223113311493212413114313884211335   44.15       1
  320713 6192C48S122221211311912222113911223212411111313723212334   43.08       1
  321918 6191C40S221111122311929221113912493293411121331713212331   22.35       1
  322505 6191M35S222222292344111222144312121192432993391183112141   28.58       2
  323806 6192C48S221191119399999921313412129223431321232693212331   52.35       1
  324870 6191C 5R211112211399221222922912449292334121133417213231   32.73       1
  325580 6191C40R122211212311111222313411313212331119311626213331   51.35       1
  326956 6192C48S291211211311221121223411444423434114311466112233   23.50       2
  327985 6192C22R221111292319921229419992499992431929332483213231   43.62       1
  328208 6191M16S199121222311412222312411443333331124311365212142   53.81       1
  329303 6191M 8S222221212311112222113413113213411111313566212242   51.54       1
  330435 6192M49S111111112211112221213411133211331211313497212241   52.73       1
  331505 6191M35R111111112311222221314111224233431421331546213241   52.73       1
  332480 6191Z 4U211111221313112221112941299922911229313335241143   49.69       2
  333505 6192M35U119229999314121123412221242431332111113285231143   37.88       2
  334801 6191M49U122211212311222122113411133213291111313546211242   53.15       1
  335619 6191P 6U121121212119122122113411123212431111311766211343   31.27       1
  336805 6192P 6U111211121341112221113431413422111112333253211141   44.46       1
  337541 6192P41U291999192312221221413311331293424139311816211341   21.00       1
  338408 6192P 6U122222222311112222113411433211414111312336231144   14.62       2
  339323 6192P 6U122211211311222221114411149213431111312556221245   13.35       2
  340818 6192P 6U221211212211411221111411411192429121333705211345   12.12       1
  341206 6192P53U122222222311212222113413439391431119312476291243   14.31       9
  342541 6192P41R111111212313219223114429923212331119391526213241   52.73       1
  343916 6191P 6S222211222311111222123111149933413911112646212344   32.04       1
  344510 6191P 6S211911111311111123113911423232334121311673212344   13.65       1
  345360 6192P53S122222229399122223999921999392314311313774212343   32.73       1
  346435 6191M49U122222922391999929919913999391434119314812211341   53.38       1
  347530 6192P 6R299212112211192123344411413221414422321183213142   45.58       1
  348503 6191P41U212111192111911221113421243212911119311856211344   11.27       1
  349360 6192P53R222212222311312123342321423221232111132455213241   22.23       1
  350530 6191P 6S211111111133112221112411233211331111311675212342   51.19       1
  351910 6181E37S222222229399919999999999999993499999329523992231   44.23       9
  352407 6181E12S122222221111112223113421113212331111313616292334   32.38       9
  353301 6182E24S122222222314112221113923991211421119312705992334   11.85       9
  354919 6181E37R221112212319122121193911949293431991311525213232   52.54       1
  355706 6181E13S112222221399911223413421993211211119312225242133   56.73       2
  356773 6181C17U112222121219921221399431224493429129222273221125   19.69       2
  357407 6182E12S192222921311912222114911233319931111312287212134   33.92       1
  358386 6181E12S222212922319922229993919929993999919392675212333   21.35       1
  359305 6182E12U222111912314991222119421999211431214211639211334   22.69       1
  360703 6181E51S221212112393291221411911223133423221311995212935   33.31       1
  361386 6182E12S222212222312112222114211423213231212113497212233   21.96       1
  362301 6181E24S122222121111212222113411433212411221312607212334   12.04       1
  363704 6182E37R222222222391319229299442999993439399333602213332   58.54       1
  364815 6181C17U122222222239212221191412923492334423343322221123   38.12       2
  365540 6182E51S222222222319191221319911999223939429313623212331   43.77       1
  366828 6182E37R222212222319911221499412119293431911312385213132   54.69       1
  367740 6182E39S121111112399911129919913499193931311313193212122   54.31       1
  368219 6181C18U212229199399291919299911999991199999324219891124   14.73       9
  369229 6182E13R112111122319999929919999993919999999391711213331   33.35       1
  370317 6182E18U112221192312112222313421123213331211315445211225   36.62       1
  371269 6182E26S122292222311292221113411113213931111313825212322   31.15       1
  372715 6182C55R222222229319912221213912433293433319133605213321   41.58       1
  373919 6181E37S122222121119112222114421199491314411312195212132   15.04       1
  374770 6182E13S222222922319122222112913423213334211312456212235   13.04       1
  375727 6181E12S222222229391112221114111143212431314313715212335   32.08       1
  376419 6182E39S111111112339921992914921299213934419331735212322   41.15       1
  377301 6181E24U119111292119111122412121213293193311311193211132   44.38       1
  378919 6181E37S122211192311122223114911123212111119113616212332   11.54       1
  379216 6181E39S291211111399199919999999999992999329322195212125   19.27       1
  380312 6181C17U122212222311222221111432223113421121332863211325   14.08       1
  381248 6181E26S222222222312912229114911193913931111313583212224   35.62       1
  382440 6181E39S222112222319211222392912221333419929112493212225   17.31       1
  383407 6181E12S122222221219112221114919933113411119312705212334   41.58       1
  384937 6182E39U222222221311312222114411133213411111312236211124   33.12       1
  385219 6182C18S122222222319911122943412399223433129312592212224   17.08       1
  386419 6181E39R211111112313221122223411213233434221111456213222   51.69       1
  387404 6182E13U222222221211212222113411133232431113312536211234   22.27       1
  388813 6181E12S122222222111212223114911193211431119313595212234   32.23       1
  389313 6181E26S129221922312212221114411129293231119312215242125   19.69       2
  390843 6181E45S121111112111229192113411913232411111311606212332   41.54       1
  391402 6181C31U122222221391211122293312413421331311111383211124   46.81       1
  392740 6181E39R221212122399921229999912499393439199111523213222   24.12       1
  393419 6182E39R211111112399921219299911999222339111339345293121   59.69       9
  394229 6182E13R222222222349911299239942499493429919932722223332   56.42       2
  395989 6181E26U121122222331312212193419293213431919313575211222   21.65       1
  396402 6181C31U222222222111122221112411139213931311312577211224   41.96       1
  397217 6182C17R222222221111112221112923233213131311313373213121   46.58       1
  398920 6182C55S222111222311121221213912933223213999311523212221   33.54       1
  399812 6182E18S122222221319122222114421122213131229312476212222   43.08       1
  400651 6182C27U111111122199921911999912999123433929923582211225   19.62       1
  401815 6182C17S111111111211112223112411433213331231111486212223   33.54       1
  402803 6182E45S221111119319221122219111929323494311311524212232   54.19       1
  403304 6182E54R121212112341111223143411449211131114311183213131   53.81       1
  404260 6182E18R111211112211212222113913433212311112113485213222   54.04       1
  405608 6182C55S122222222111112229114411123211431111312817212323   11.23       1
  406740 6182E39S119221192311912222114911121213431111212657212322   41.08       1
  407740 6182E39S222222292399911992194991993993491219322703212322   52.69       1
  408706 6182E13U222212121334211921123421333323431211332365211132   54.69       1
  409734 6182E26S222222229119112229113923133213933221312597212223   11.73       1
  410618 6182C17R211191212331491221114421139213431211111616213321   41.31       1
  411434 6182E51R111212121399929191199992999993439999133624213331   42.88       1
  412231 6182E26R222222222399912222914919999923422929323443213221   46.58       1
  413440 6182E39S112211919311929221113911293293411113311886212325   11.88       1
  414304 6182E54R222222221314211212114431433123434411331265213131   48.77       1
  415804 6182E51S222219929111199222113421291213431311113546212234   42.27       1
  416804 6182E51S112212222349912223114131111193339141314303112135   49.69       2
  417919 6181E37S222222211399911992399942319993439929332473212232   14.19       1
  418740 6182E39R211111121399221113491942239923494329313345213122   49.69       1
  419913 6181C20U122222222331912221911919999993419919322606221324   12.38       2
  420828 6181E37S122222191111112222114411133212311111312467212233   43.62       1
  421407 6181E12S122211212311229122114421133219321111313637212334   42.04       1
  422706 6181E13U211111112914229122413911219933433211113456211233   21.96       1
  423305 6181E12S122222229114112221114113193232421211312704222334   23.65       2
  424218 6181C27R222222122399992221311999429233439219312533213221   43.54       1
  425636 6181C29S111111292111922129113919193211191919312557212225   22.69       1
  426218 6181C27R111111111391921211299913999422431129311203213121   33.73       1
  427903 6181C48R121112212399929211219992199191434319333463213231   54.96       1
  428731 6181C47U122211222311211221443911293113431129313524211232   45.73       1
  429502 6181E21U222222922339112223914213933213431221113536241234   32.62       2
  430308 6181C31R229212211349111122131911912923434929313585213222   51.85       1
  431601 6181C28R211191222311992121113931323223431111311405213232   54.69       1
  432515 6182C19S111111212319121223112421139233431119311346212122   32.92       1
  433931 6181C47R222222221341921111211992499233334299332503243232   34.85       2
  434580 6181C40R291111112319291221113419499932423321311766213331   51.00       1
  435417 6181C29R221111222311221123423921933293331111313396213121   52.69       1
  436931 6181C47R111111111229921229413421399422331119313486213232   33.12       1
  437985 6181C22S119999921399999999999999999999999992999875212332   51.19       1
  438606 6181E21R122212119399222223139911399322434219332521213231   29.69       1
  439573 6182C29S222212992311191221314412442233431921312385212122   44.62       1
  440580 6182C40R222222222311212222119419422293913919333513213231   33.62       1
  441334 6181C 1R211111111399922121319932999993131329323185213131   34.58       1
  442985 6182C22S299999999399999299999991999999993922313345812132   59.69       1
  443931 6182C47R211111111321311112234492439491314329332527213231   41.46       1
  444865 6181E47R211111111111991229213412333213499191311425213232   54.69       1
  445952 6181C27S122222222211212222114411943333434211332735212325   22.08       1
  446641 6182C19R222219992311121221214999299393331119332813213321   22.31       1
  447606 6181E21R122222222312212221114421193232931119311775213331   51.04       1
  448620 6181C20R222212212391919923299411929992499321312853213321   52.31       1
  449623 6182Z 4U122222922111112222113411133212411119313626211343   41.81       1
  450931 6182C47R121992222344921929214112999291439119331872213331   43.35       1
  451520 6181Z 4U122211292311212222113911443213931913313656111341   21.69       2
  452505 6182M35U122222222319912221993913249123431921322523191243   39.69       2
  453775 6182P32U112221221311212221233411223212413143112625111341   22.65       2
  454505 6182M35U111211222311121221113411133213131311311547211243   33.65       1
  455970 6181M 8R222222222311112223113421329223431311112487213241   31.50       1
  456435 6181M49S211911192311211121119912943223434219333854212341   52.38       1
  457607 6191E36R212222212399111111192911219292434119133216213111   31.65       1
  458269 6192E26S122212921394919911191919293293439319312603212322   33.27       1
  459608 6191C55R122222222349211221439412441222331249333473213222   45.65       1
  460715 6192C55R122222122399191123214413239423339311343603213321   42.81       1
  461518 6192E36U222222122111112222113421121313211111312467211212   21.38       1
  462828 6192E37R222211212111212121113411123212414412131735213331   31.00       1
  463304 6192E54R222112221319212221323492422223331213112275213131   28.77       1
  464215 6192E42U192222929319912221912912199413491112312806211315   11.54       1
  465252 6192E37R222222222399911221199492414222434321322662223331   35.54       2
  466302 6191E10S122222922131912222913912919931331121313823212334   13.08       1
  467704 6192E37R121111292211921122113211493213431119312725243332   51.38       2
  468847 6191C17S221111111394122222113411419393311221311346212123   55.27       1
  469610 6191E42S212221921341211113133413213423311211112395212113   44.31       1
  470413 6192E25U122292999399911191293911999223919929333696211312   11.00       1
  471301 6191E24U222221222319912222114911433293433119313563211232   44.35       1
  472239 6191E12S122222922111112223113411133212391119112556212233   41.77       1
  473215 6191E42U222292192391912913393992439392494199122693211315   13.88       1
  474301 6192E24U212211292111112229113411199419912111312696211334   11.27       1
  475718 6192E36U122222222311222223912311119223431111333236141115   16.54       2
  476336 6192E37S221111291319921229911411949121131111111425212233   35.42       1
  477978 6191E25S112222221211112223114312323213431112313506212213   22.88       1
  478608 6191C55U212222121311112222112121121913331911313486211223   11.92       1
  479716 6192E36U299229222399919999999992999999999999342992221913   26.08       2
  480252 6192E37S122222222391111223134311419422493421332712222332   44.62       2
  481732 6192E34S211211222311111229911911999293439923313687212313   31.00       1
  482305 6191E12U222222292319111223393931419191411911311202111134   29.69       2
  483740 6191E39R122222222341212223114411293232431929312524213222   25.65       1
  484802 6191E50R211111111319922221413419991113211111313547213211   21.19       1
  485973 6191E34U219221999339112221132313299492433112111183211115   27.81       1
  486704 6191E37R122222922111122223114411133232331111312507213232   53.12       1
  487302 6192E10S222222222319212221343912299293939991313553212232   34.35       1
  488757 6191E51U222222222111112221411912949993339291123656221335   22.04       2
  489248 6192E26S219211222312112221913921229213431229393706212324   31.23       1
  490412 6192E42S222219122319212222112421133222334211112467212214   21.81       1
  491678 6192E13S111111112311221121314111131121413111311686212332   51.08       1
  492608 6192C55R122211222311112222113912991212431219333823213321   22.00       1
  493412 6191E42S222222222319911222912921429923431921313317212114   24.88       1
  494412 6192E42S292222922319212223114421233213214111313997292914   21.50       9
  495609 6192E34S122211212313211222113921423232313111311583212212   42.65       1
  496410 6191E24S222222222339411222229919943993439929332633212334   25.73       1
  497304 6191E54S112222112391221219411932934293433934323383212132   35.27       1
  498618 6191C17S122222222399919222119921193292431119313825212323   21.35       1
  499724 6191E42S122222221219992219112929449919494111313597212213   21.42       1
  500315 6191E36S111111112111222221114431133212331111311476212213   22.88       1
  501703 6192E51S212922121311199922413921339223431113113307212135   38.27       1
  502850 6191C12S222212221319212221419912399223431119312413212232   57.73       1
  503269 6192E26U212212992392199992299493299293499999339852211322   35.27       1
  504478 6192E13U192222222312121221414911413232431419313577221233   32.12       2
  505781 6191E25U222292222331291221112223329493331411313576211214   11.62       1
  506920 6192C55R222212222393391293994911999993933229312813213322   42.69       1
  507603 6192E33R222222222114192221413411423213411111313806213312   21.00       1
  508321 6191E12U122222222111112223114411193211231111313667211333   41.27       1
  509215 6192E42U122222292399911221294943493492334949122263121115   19.69       2
  510203 6191E 9S222292222311111222311913233212219111313506212214   21.81       1
  511201 6192E34S111111222111122222114411113213411112312537212215   14.42       1
  512843 6191E45S291111221399121221319991999493434229319303212132   49.69       1
  513610 6191E42S122291122111912223114411113213431111112517122213   45.12       2
  514248 6192E26S122212222319212223114911923221411119313555212224   32.19       1
  515301 6192E24S122219221329211221111939499113491299329995222934   13.00       2
  516317 6192E18U229929992111921221919911993912491111311907211325   31.69       1
  517732 6192E34S122211212311112222114929243212911419313673212313   32.15       1
  518312 6191C17U222222212314911119199932439491434311313395211125   18.19       1
  519802 6192E50R122222922311212222419421123293111111112415213211   22.62       1
  520229 6191E13R212222222311111221241442141292324229342602123331   39.69       2
  521203 6192E 9U222212221311912221119411499213939113312806211314   21.00       1
  522717 6191E42U122222222349111221331412229322333914321493211213   45.27       1
  523315 6192E36S122222222319112221112112423223432113333346212113   22.73       1
  524954 6192E12S211111111319411212214411433221413211313823212334   13.62       1
  525203 6192E 9S199999999399912229392912229991222999323463212214   26.04       1
  526610 6191E42S129299219393219222914911299221439911111444212213   44.85       1
  527419 6191E39R222222222212112223114123232113211121311307213122   54.58       1
  528847 6192C17U122222222312211221113913494212433111212725211325   12.08       1
  529812 6192C18U291111129319212222312913942213331921113596211223   41.73       1
  530609 6191E34S221111222334211123244431339233321194333631242314   19.69       2
  531603 6191E33R122222121111112222114411139213911111312757213312   41.00       1
  532727 6192E12U291111999311129922113411132222331111331505211235   34.50       1
  533252 6192E37R122222222399911229913111299392433129333704213332   52.35       1
  534315 6191E36U212222222319919223399942219492493229322235221113   25.81       2
  535603 6191E33R111211212311211223113411133233231111313183213111   33.04       1
  536401 6191E44S122221222311112121114911133291431119313823212314   12.46       1
  537856 6191E34S222222921312111222113411223213411111113316212113   24.27       1
  538413 6191E25S122222229111912222112411133212421111312645212312   11.35       1
  539276 6192E51R222222221319211229349111494223439911332665213331   51.00       1
  540412 6192E42S222221222114912222114413213112331419312863212314   22.88       1
  541860 6192E 9S222222222399911911212912929222134219313413212213   27.15       1
  542904 6192E12U122229129212112222114411123213431311312596211234   42.04       1
  543608 6191C55U122222222311212222113411193223431119312703211322   22.31       1
  544219 6191C18S222222222319112229413913949293494111312553212222   34.27       1
  545904 6191E12U111111211399221223219913193213329199131415211234   44.96       1
  546631 6191E36S111211229311212221213421243212333119312656212314   21.15       1
  547231 6192E26R222221221311112222112411139213331121313996213921   41.04       1
  548757 6192E51U122212112399922111339993419921423919312315221134   49.12       2
  549740 6191E39R111111912311992229913919993229939999311703213321   52.00       1
  550727 6192E12S122212229314311221414321121221332314313642212333   36.35       1
  551610 6192E42S111112919312221223313321133223431911313275212113   45.35       1
  552718 6192E36U222222122111912223944411431293133111312195211115   27.54       1
  553732 6191E34S122219212339491121913412249913413119312673222313   32.58       2
  554610 6192E42S212222221319219923114413139433231321113435212214   34.92       1
  555724 6191E42S121212292319192222124211233212331229312753212312   31.85       1
  556317 6192E18U121211212399211229919913999993439129311654211325   34.08       1
  557402 6191C31R122222222319912221913919493391431129313763213321   52.00       1
  558718 6192E36U222222122311112221114411433113331211312556211215   12.15       1
  559610 6192E42S222211992319992229913919993219999299392773212313   42.54       1
  560239 6192E12S112211111311122222413411143121131111113183212132   54.38       1
  561203 6191E 9S221121212319911222343911399422431111111745212314   21.23       1
  562918 6192C40S122222229339912222914919249221339429333263212131   44.38       1
  563276 6192E51R222222222399919229913992999293499999332805213331   51.00       1
  564614 6191E39S211191192391121221242212494423333114311607212325   32.65       1
  565732 6191E34S222222222311212222413411213413431122111525212213   32.35       1
  566814 6191E42R211111111319421121319491133313211129331315213111   57.00       1
  567608 6191C55R222222922129112221113421133219331111312496213222   41.69       1
  568716 6192E36S122222292399912292144492132222991219313912212314   24.04       1
  569817 6192C48U222222929314112293114411199332431121312845211334   51.54       1
  570304 6191E54R111221112119122223114411233212421119313465213231   43.58       1
  571954 6191E12S122222222311112222114411143213331111311667212334   11.42       1
  572978 6191E25S222229291311222222113421131293233111312367212114   13.35       1
  573410 6192E24S122222222111112222112411223213131319313637212334   22.04       1
  574570 6192E42R121111222311911222913921133212439119312716213312   41.00       1
  575412 6191E42S122222221319212221422311419213331211312753212314   22.46       1
  576479 6192C 5U229212929339119222133223233221331111313557211232   41.54       1
  577419 6192E39R211111212319122222913911249212434929112603213322   54.27       1
  578718 6191E36U222222199331911121412921299223929192392793211315   13.88       1
  579815 6192C17S122222222111112222114411123211331311313475212223   34.65       1
  580717 6191E42S212222922311112223443421249121131122312507212213   41.58       1
  581662 6191C28R129292922399221123394992919493394299323383223131   25.42       2
  582609 6192E34S112221221111222223114411133211231111313306212114   13.12       1
  583989 6191E26U121122222111291121111913933211324119213563211222   23.27       1
  584845 6191E36S122222229312112923113421123213431311313606212313   31.42       1
  585972 6192C48U112211919394222223293913439193433114319182191135   49.69       2
  586609 6192E34S122211292111119123113411111213431111313797212314   11.15       1
  587740 6191E39R122922222399292221114421244223134311312383243121   35.19       2
  588864 6191E45S122222222313212223114921193212931119313654242332   52.73       2
  589903 6192C48U112112222211112223114411233223431112313415211233   54.35       1
  590502 6191E21U211111212111122121114411143213931111311566211234   32.00       1
  591931 6191C47U111111112332121122214412243233434114311503211232   35.73       1
  592513 6192E39S111211212112221122114311143213131119313505212223   54.65       1
  593973 6191E34S122292222319122223114911149213431219313676212315   21.54       1
  594256 6192C 1S229291299314229921919933999929439999334639222331   32.12       2
  595718 6191E36U122222292319112222112421323222131344313407211215   24.08       1
  596724 6192E42R122222222339211223293411449922434114312523213212   24.58       1
  597608 6191C55S291111922399911291994919429193499999399556242221   21.50       2
  598305 6192E12S222212221311122221244311122493231311313426142234   27.42       2
  599614 6191E39U221111212311211121111212312113439121311523211225   37.31       1
  600252 6191E37R222222222319111121119911299293434911122252223131   59.69       2
  601985 6192C22R122211222311212222112311443213314321312607223332   41.85       2
  602610 6192E42S222221222311112222313431343212231111313655212314   31.23       1
  603662 6192C28R222222222399921199299992299392499999394202213131   56.65       1
  604281 6192C48U222222291319211122993411449293431223311655211334   41.54       1
  605270 6192C21R222222921311111923213413193433491429311795213331   51.00       1
  606205 6192C 1S222111212313191923313911213213431211313407212232   53.19       1
  607601 6192C28S111111112319921121324913999212431129331682212332   53.85       1
  608248 6191E26U222292229391919229993999999999999999342803221324   34.23       2
  609337 6192C22S222222221319111221114911299923939419133503212232   44.19       1
  610281 6192C48S291111922399921911234912919993319199323545212231   52.19       1
  611731 6191C47R222222122319119221112921411993431911312535213231   22.19       1
  612251 6191C 1S121222922319929121412991929492931129313695212333   41.38       1
  613843 6191E45S222222221219912222194911429233439313312603212332   44.35       1
  614318 6191C22R111111292111229921112911323213431111311555213231   41.46       1
  615620 6191C20S122112911392122191993911999221499129312503212223   46.50       1
  616865 6191E47R222212222399911123319911419193339229323325213132   39.69       1
  617574 6192E18U122212221399112223914993999293131119312313211123   35.77       1
  618817 6191C48U221211292319111211212911939923311219111837211334   51.27       1
  619502 6191E21U191192292311922223914411191221431119311797211334   31.42       1
  620440 6191E39S222222222319212929119991939213931999313993212925   15.35       1
  621337 6192C22R119912221119229919919992999399439999333355213131   43.27       1
  622501 6192C 5U111111212311122222114429142213431111313786211333   21.27       1
  623402 6192C31U221111212319921122293923499992111319311536211224   42.23       1
  624936 6192C48R121911222319122122114911193212491119313707213331   41.00       1
  625920 6191C55U222222222392119191391913923492399921312803211322   42.69       1
  626806 6191C48U211111119111121121114911193213411111311745211332   51.19       1
  627651 6192C27U222212222312212222293911993293413112313645211323   32.12       1
  628410 6191E24S292222999399992229919911999992399111312706212334   21.27       1
  629405 6191C40S122222122111112222114411123311231111313717212333   51.27       1
  630513 6191E39S222222122111112221113911339212133111112477212223   51.92       1
  631513 6191E39S111111212312911222114423143213413319313705212323   51.35       1
  632985 6191C22R222221221319122221114112423223413424323753223332   43.27       2
  633314 6191C29U222222221313112223114321124312431111312316211125   18.12       1
  634270 6191C21R222212222319911921934912499129439991332506213231   31.46       1
  635636 6191C29S211111112319221121113411133221331311311536212225   23.00       1
  636580 6192C40R121111992399991999999942993993999999323999993931   54.73       9
  637507 6192C27R122222199394111121239411419423433212234219213122   22.81       1
  638870 6192C 5R219999992311121123313311423213433111313487213231   41.46       1
  639256 6192C 1S122222222311192223113411193219911111313715212332   41.19       1
  640940 6192C48R211111212319121121113912199213491111112503213231   53.62       1
  641303 6192M 8U112211122211112221113411323212331131313356211145   15.15       1
  642314 6192C29S222222222319112221133921999991231311313215212125   29.27       1
  643318 6191C22R111111211319999991313999493299493999331633213331   52.88       1
  644281 6191C48S122292912331199923423999933423431911213295142132   59.69       2
  645405 6192C40S219221122319212223313911499213131112333507212233   51.96       1
  646620 6192C20R122222922293321121443431321223434424312504223221   55.81       2
  647816 6192C29U122222222391212229414911139422429333313763221324   13.62       2
  648817 6191C48U222222229319112221112311239133431119312715211334   51.54       1
  649785 6192C20U112211222313122221113411233213334111313506211223   33.54       1
  650928 6191Z 4U212222222311112222413411133223311211113533211241   53.65       1
  651817 6191C48U219191212111999122114923113212431141313705211334   51.54       1
  652303 6192M 8U212111222311122221312411423223131122341505211245   14.58       1
  653580 6191C40R122212222311112122923411191231421139312777213331   41.00       1
  654206 6192P53U222222222313122211112411144212431111313606211343   11.77       1
  655281 6192C48S129211222312222123114411123293311119319204212134   45.77       1
  656435 6191M49S191999199311911222939911999299419429311263212141   54.46       1
  657320 6192C27U121111921394121111213423299923294219311367211122   42.81       1
  658985 6192C22S292222992219192121919921243913431312313516212232   51.73       1
  659702 6191P32S222222222394111122339312213393412333312513112242   47.54       2
  660785 6192C20R121221912319191222913921299219991119331836213321   51.00       1
  661713 6191C48U299291991391922229929111499992139331311433211234   49.69       1
  662318 6192C22U111111112343921121214412439231439199321385211132   33.77       1
  663405 6192C40R121112222333911221293921229222334129311296213131   52.58       1
  664801 6191M49S222222222311192221113913233232431111313545212243   52.96       1
  665281 6192C48S111211292312111222213913113911221411311225212134   46.62       1
  666719 6191M 8U212221121319412222113413443292331119313343211142   59.69       1
  667318 6191C22U211111212311121212213911999393431119321585211232   51.88       1
  668928 6191Z 4U222222922399912222113413249121434121312555211241   51.65       1
  669903 6191C48U211111112399121212391411349223434911311555211232   51.88       1
  670303 6192M 8S221111121313111222119921292323313939911405212241   54.12       1
  671480 6192Z 4U122221122119212223113921933212411119313596211243   41.81       1
  672918 6192C40U192292222114912221114493299112313192312857241334   51.65       2
  673254 6192C48U122211112212212121113412213213431131111433211232   55.27       1
  674505 6191M35R211211911331322122243421249193431312311183993141   15.65       9
  675512 6192C48U111111212319199121114411133219431112311756211332   51.08       1
  676702 6192P32U222222222319912221419923499213439919312533211242   44.23       1
  677210 6191C48U222222222112212223413311133213431111312576211234   42.00       1
  678225 6192C22S222221221331112222413912499222439321311417222234   45.00       2
  679503 6192P41S192222221311112222114411133233111111312387212142   42.88       1
  680760 6191P 6S222222222319112222113923443212231311312556212243   31.77       1
  681253 6192P53S122292292319211223913211123323421119212753212343   22.73       1
  682760 6192P 6S199122211399922219219992999992939399324182112143   39.69       2
  683360 6191P53S222222221111212222114411123211111111313326212142   24.69       1
  684651 6192C27U222229922111191221119411141112414311112327211125   18.12       1
  685360 6192P53R122222921119922229113419949212911919113721213341   23.38       1
  686360 6192P53R222222229391221221293411399293429119313893213341   42.38       1
  687509 6191P53S112211222312121222124421233213231111311195232141   55.12       2
  688530 6191P 6S122222222321922223913993292293434119312693212341   52.04       1
  689323 6192P 6U112211122319912222114411123293431119311533141245   19.69       2
  690562 6191P 6S229222222399911222294991499432433329133674212345   14.92       1
  691209 6191P 6S222221212323312223324433112433431311233422212243   39.69       1
  692509 6191P53R121111292211112222114411133213411111311666213341   51.00       1
  693323 6191P 6U122222211394112221311911429922411139311235211145   19.08       1
  694408 6191P 6U122222122119912222119911229113231311113276211144   13.96       1
  695760 6191P 6R122222992211112222419411121232431111312546213241   42.73       1
  696619 6191P 6S222212211319421113323393293232413244312215112143   39.69       2
  697918 6191C40S222222222319921221312413221222232424112543212231   33.62       1
  698760 6191P 6S212211112319219921293411119493439113311406142243   36.62       2
  699805 6191P 6U222222222111219229143913123213231111213377231143   34.31       2
  700303 6191M 8S222222222211192221113411121212311111313517212242   51.73       1
  701970 6192M 8R211111212312122223413411221323331341311306213141   34.08       1
  702760 6191P 6S122211221232122222112421393211231113212576212243   31.81       1
  703509 6192P53R222222222393111221211921923223434121333505213241   52.23       1
  704209 6191P 6S222299229311199229119491423213311112112756232343   31.31       2
  705650 6191P 6U122222222111112223114411123213331111312747211344   11.46       1
  706415 6191P 6S122222229111212211114412133212211111312557212243   11.81       1
  707415 6191P 6U122222921213112222114411133913131111113407211245   15.15       1
  708719 6192M 8U111111222311222223114421193213411319313877211341   21.00       1
  709360 6192P53U122222229311192222913421941213439111313296211143   33.50       1
  710509 6191P53R212222222349921111321432439223139919132467213241   51.50       1
  711775 6191P32R222291922319119211192991393292311199212803213341   12.38       1
  712562 6192P 6S129111212211122222114411422112111111313566242245   13.23       2
  713503 6192P41U222222222312111223313411213212431111312605211344   12.50       1
  714541 6192P41U122212221391911912243943124223411219332652211341   23.38       1
  715916 6192P 6U222222229319221223219993419193439311312546231242   52.00       2
  716503 6192P41S291111922319991291113411149233931119311677212344   11.27       1
  717360 6191P53U222222222319412221112421199213431111112567211241   31.35       1
  718925 6192P 6U222222222111112222113411233211431111113585211244   12.50       1
  719916 6192P 6S222222222319999221914999999119931319393506212244   32.27       1
  720714 6192P 6U211111292111212121113411133213931111311675211345   42.12       1
  721509 6192P53S121121212111211121112411423212431119313805212341   51.04       1
  722805 6191P 6U292222929111112221114421133232111311313376211141   42.77       1
  723541 6192P41S111111212111122222114411129213421113311367212141   22.50       1
  724415 6191P 6S122222222311212222114411233213431111313996292943   11.92       9
  725541 6192P41S121111212313222121114421193221931119313716212341   21.00       1
  726530 6191P 6U291111212391229921993411499293914319314715211342   51.19       1
  727559 6192P 6U222992222399321222419921999291414419313535211242   42.58       1
  728408 6192P 6S119211211311991121424423443121411211312806212344   11.46       1
  729541 6192P41R211111212313921121413411229223491229311623213341   43.81       1
  730408 6192P 6U222222222319919229919419929213434321113635211344   12.50       1
  731503 6192P41U222222222319222222413911119213331221112503111244   19.69       2
  732760 6191P 6U291111111391991129999993294292499999121713211343   33.19       1
  733360 6192P53R221121292391119122312121233213133111311576213241   31.35       1
  734928 6191Z 4U129212119299122221323312424323434413313331141141   49.31       2
  735203 6182E 9S222221222111212222113411133211411411313326212114   14.88       1
  736401 6182E44S111111991341221221113912433222431224311585212214   11.77       1
  737540 6181E51R222212222319411221213911249423433129112595213231   51.62       1
  738860 6181E 9S122222221339122223114411199213431119332583212213   23.08       1
  739203 6181E 9S211111222311222222113313313212413422319703212314   12.88       1
  740252 6182E37R222219219319491922214949119993431399322533213231   53.62       1
  741203 6181E 9U222222999399999919999991999993499999342861221314   16.73       2
  742631 6181E36S211111211324221223223413243223431311111526212214   21.81       1
  743315 6181E36S292212122399921221294342339493494139233325212112   38.08       1
  744570 6181E42R121211992119912122113411133213331111311623213312   42.65       1
  745212 6181E36U212222221399421123999491144492439999323242121115   19.69       2
  746607 6182E36S222212112319912222419413341213431421113506212212   31.38       1
  747215 6182E42U122222222311212222114411133211213113312686211315   11.54       1
  748802 6181E50R122222221311112222113413443293411111313556213211   21.08       1
  749610 6182E42S222221921399921991994419299213499111313566212213   41.38       1
  750717 6181E42S111112112399112222444123239121113411311272212113   55.50       1
  751508 6182E25S229111222119921129119931943992933119393776212313   21.00       1
  752203 6182E 9U122222121311212229114411133211111111312627211314   21.62       1
  753717 6181E42S229919919399991919339992993192419929342343212113   59.69       1
  754412 6181E42U292212111391122222113411112492334129313357231114   23.88       2
  755716 6181E36R121212112299222223314421222221434319311406213212   32.27       1
  756814 6182E42R121191292111111292114421133231431129311793213311   51.62       1
  757631 6181E36S222222221319211222319923319213431919112486142214   23.19       2
  758207 6181E23S299211212111121121312919399922911129334777212312   31.00       1
  759617 6181E25U129211921399229222999991919213414313312273211114   15.35       1
  760718 6182E36U219911292111222222113911933219493223311715211315   11.65       1
  761973 6182E34U229219229399922123222411499123433211111406211215   24.50       1
  762718 6181E36U222222222313112223311411439122434311312226211115   13.46       1
  763518 6182E36R122222221311112221114413233292311119312634213311   22.31       1
  764216 6182E39S222222222399411222213912429493392329323603212325   17.62       1
  765850 6182C12R211222122399321911299493499392423419919253233131   49.69       2
  766732 6182E34S122221221312112223114421113211211331313596212213   31.42       1
  767704 6182E37U192211292311122222413411193232431119333735211333   51.38       1
  768904 6182E12U222222222211112221412411149223231113112456211234   42.27       1
  769304 6182E54S111111222319111122114123123213131129311366212131   12.46       1
  770610 6182E42S222222221313112222413411233232431124312386212115   24.50       1
  771727 6182E12S222222222311221121214421399113439324312695212335   32.08       1
  772607 6182E36S122222222111112222114421243212311119313575212212   11.35       1
  773732 6182E34S211111112111129122113423233212331324311643212313   34.00       1
  774845 6182E36S122212121211112221113413121232311111312556212213   31.42       1
  775315 6182E36S112211122311122222114411211233421119311456222213   23.42       2
  776717 6182E42S122222229319222221314919923122439921112655212313   41.12       1
  777715 6182C55U222222222399221113293432923491133124123245231122   26.04       2
  778912 6182E13R221111912391111221313991499293431919394703213331   52.35       1
  779812 6182E18S121911912312921121912921193291431219311803212322   32.31       1
  780260 6182E18S111111212311121123113411134112491111111286212123   53.38       1
  781803 6182E45S222221211394921211321432112493433114122181222133   29.69       2
  782434 6182E51S111211991399991999999999999993999999393572212231   54.73       1
  783904 6181E12U222222222399911213294943324421422419223205221134   48.31       2
  784516 6182E36S222222292311299229993911999992999229342997222915   22.04       2
  785516 6181E36S112222222391112223113421239212133111313205212115   27.15       1
  786513 6181E39S111211112334121121342413334212434319311647212323   51.77       1
  787412 6181E42U122222111321111211241212111232134322111184211114   24.62       1
  788603 6181E33R122222222319112211914493299233339119332565243211   41.35       2
  789508 6181E25S222211292311212122114311423213433311131546212213   21.58       1
  790631 6181E36S222222229399411221242491344213222229339523212214   24.38       1
  791508 6181E25S122222222113112221312211413212333112313537212213   22.88       1
  792937 6181E39U211111212319122121113411423213431219111625211324   32.42       1
  793973 6181E34S122221222319192122119933429393422112122355212114   43.96       1
  794207 6181E23S291111912319911119319999999913433919333513292212   33.92       9
  795260 6181E18U219111111319291222912911499992421912313833211323   53.12       1
  796260 6181E18U122222922311211221123421423213431119312506211223   53.54       1
  797718 6181E36U212219299319212223111921433213434119112996231915   12.00       2
  798973 6181E34S192222929319112221114411133219211111312627212314   41.62       1
  799412 6181E42U222222222112412222413413243213333123312404221214   29.69       2
  800717 6181E42S199291922311122222114423133213431311313653212313   42.15       1
  801920 6181C55R122229929119122223112111429212431119312676213321   51.00       1
  802330 6181E39R222222221349121121192192499492224219333753113322   44.77       2
  803608 6181C55R122222222311112222112421293211331219319555293221   21.69       9
  804413 6181E25S222222222313912223123913241293339912113483212212   13.35       1
  805617 6181E25U122222122211112222114413139211111111312486211214   13.27       1
  806618 6181C17S222222222399911213232312323223431311312245212123   26.00       1
  807978 6182E25S122229121111112222114311133211111111312327212114   13.12       1
  808574 6182E18R211111911344921991993912944423132239321702213322   55.27       1
  809765 6182E18S121111212391111223313213392212431119323533212221   54.88       1
  810216 6181E39S222222222399921929999913299992499999329643992325   18.96       9
  811508 6182E25S111911212111111223113411233212331111313697212313   21.00       1
  812740 6181E39S211111212211311221413911429223411199131703212322   52.69       1
  813203 6182E 9S222222222319911221913913299911934919312693212314   12.88       1
  814718 6182E36U111211111399929999239242919493433112333821211315   15.50       1
  815248 6181E26S222222222393211121913112494433434921342665212324   31.50       1
  816717 6182E42S122222229319912221394123229192131129312566222213   41.69       2
  817815 6182C17S129292222319291222391919999291939249319405212223   34.27       1
  818513 6182E39S222222222311112223313411119213234111113586212225   42.65       1
  819978 6182E25S292222221311212291914912999293439911312855292314   11.46       9
  820574 6182E18U122222222311119221313911291193299993313855211323   31.35       1
  821773 6182C17U122222222394992923139999399999999919392751221325   18.04       2
  822540 6182E51S211111111319929223311411439923439929311376212133   53.65       1
  823440 6182E39S122222229293311223113911223323421129333323222124   47.85       2
  824610 6182E42S122212222343221221293913449222412119313602212313   45.04       1
  825412 6181E42S111111999319129229113921223233999929311464292214   27.08       9
  826313 6182E26U221211111393212222412311429123431321121465211225   14.42       1
  827631 6181E36S222222222311212221413911239433431319312436212214   23.35       1
  828516 6181E36S122222222224212229239933429393432119122385222115   26.42       2
  829616 6182E26S112221122323112222413413233122231111113316212123   53.38       1
  830608 6182C55U222222222341111211999411199121433919222293211123   19.69       1
  831847 6181C17U222212222399922221224911299393334321311722211325   19.38       1
  832910 6182E37R221919222399911129299912499193391919333663213332   52.73       1
  833201 6181E34S222229222219112221112911933213419311313535212215   23.58       1
  834812 6181E18U222229222119212221113911333212414111113807211322   31.00       1
  835718 6181E36U199211112342121221131322122232433232323183221115   17.46       2
  836718 6181E36U122229192391211211199993229191433111312315231115   19.62       2
  837732 6181E34S222222222319112223213411224323131111112485222213   32.77       2
  838904 6181E12U221112292319291123211211219411434242331532211234   49.69       1
  839864 6181E45S122222121394311122442441422431332312332355242132   54.38       2
  840336 6182E37R211211121391911112213411399293439919313444143232   59.69       2
  841770 6182E13S299112222311211221219431999493424121321835212334   51.54       1
  842920 6182C55R122122229343112121949913299192431311313332123122   49.69       2
  843407 6182E12S112222221311912222414911991299339119312747212334   31.42       1
  844864 6182E45S211111222319212221313921423213431319313627212333   51.77       1
  845304 6181E54S222212922311912221912911239213331211312567212232   31.54       1
  846770 6182E13S191111111311222221914412191231321111311836212332   51.08       1
  847813 6182E12U222222222399221221231412419423431212112306221134   37.31       2
  848301 6181E24S111111292312121221114411413231411111311506212234   14.12       1
  849410 6181E24S112211192319222222113411933212331119311627212334   42.04       1
  850716 6182E36S222292292219211221913911212293434329312513212214   24.38       1
  851607 6182E36S122212121394111122313911113223391121311523212212   24.58       1
  852540 6182E51S122211921322999929319992499933491929131422212231   49.69       1
  853516 6182E36S222222221211222221313911223213333311132447212215   24.50       1
  854718 6181E36U222222222393292221233411133422434241332716221315   11.62       2
  855718 6181E36U111911911311122123113411343213334112313437211215   14.08       1
  856919 6181E37S122211212311111222424113123223431124111436212231   32.46       1
  857904 6181E12U111111112311122123114411133211311111311547211234   44.12       1
  858607 6182E36S222222229311112222412411323213411111312566212212   21.23       1
  859803 6182E45S111119212319221921294491994321319329333823212333   22.69       1
  860610 6182E42S122222222211112221113111333213231111312647212314   31.62       1
  861407 6182E12S111111111319222213113913313131431321311417212234   33.77       1
  862239 6181E12S211112122319921222293911292393339211313466112232   53.04       2
  863919 6182E37S122222222313211229219913434312921999322603222331   33.42       2
  864352 6182E12S112111222111122112114411131233221319311807212332   41.08       1
  865704 6181E37R129999119311299999999911999992999999999719223332   51.50       2
  866304 6181E54U122222122291112222113411133211431111313537211233   33.62       1
  867386 6181E12S111111192111222221112911133211111119313686212333   21.27       1
  868410 6181E24S221112911319411212922111329193311221331417212234   24.19       1
  869716 6182E36R122292222111222223113411123211411111313697213312   31.00       1
  870412 6181E42S212222121319122221113411933213911911311716212314   21.00       1
  871605 6182C46S111111212211122222113411143232931313311646212321   41.31       1
  872301 6182E24S222222222311111122413911192222433121222554212232   44.35       1
  873515 6181C19U222222221192222229232993422393332112122364221123   29.69       2
  874651 6182C27U122222222113222221233913212433333113122354211123   35.96       1
  875402 6182C31U121222222133222222232313211223432211121406221224   44.42       2
  876402 6181C31S122222222393222222132912122322423112132364212124   46.81       1
  877314 6182C29S222222222399291293213311131412421139323193222125   29.69       2
  878402 6182C31U221912112391922911121913499432421119313295241122   49.69       2
  879251 6181C 1U222222222333222221232213222321232212132283221133   49.69       2
  880615 6181C47U122222222221122229332313411393433312321457211234   24.12       1
  881615 6181C47U122222222223422222232213211311333112322406211234   23.77       1
  882785 6181C20R221111112321221223114421139293111211311526213221   51.46       1
  883314 6181C29S122222222399922223992411429492431211114266212125   25.23       1
  884901 6181C47S229222299311129991391492419992421329321456142234   24.00       2
  885573 6181C29S199912222399921921394911992413393329322282212121   35.08       1
  886952 6181C27S222222222111912222113411193213431121312777292325   21.96       9
  887718 6182E36U122222229311112222113411323211133111342392221115   29.69       2
  888314 6182C29S122222299313222222113421449223333111112993212925   24.65       1
  889601 6182C28R111111212111222222111411133213931114111535213232   54.12       1
  890423 6182E47R222292229399911122329931299993331229132542213231   49.69       1
  891334 6182C 1R222222222211112221412421213233412111312377113131   24.88       2
  892402 6181C31U221111121399212222449923423133434113111347211124   46.00       1
  893601 6181C28U119999992312399923119913499222413119313424241232   26.12       2
  894334 6182C 1U112211211319111221114422243212431113113356221132   53.42       2
  895515 6181C19U222222222319212221493911293293439119312655211323   21.35       1
  896423 6182E47S229222212311321221324412444412323213333353222132   59.23       2
  897502 6182E21U222222229392229221213911499219931321322855211334   31.54       1
  898504 6182C22S111111212211121122114411123211331311311575212232   41.69       1
  899903 6181C48R129111222311221123113421134293491219315306213131   52.58       1
  900918 6182C40S222212222311112221113932413213432311331693212334   53.62       1
  901979 6182C48R119992919394929921299331294123439911329552223231   55.65       2
  902512 6181C48S299299999311219221114911193912313111313996292932   51.42       9
  903334 6181C 1R122121922399921221913912441223439119321353213131   54.54       1
  904806 6182C48S221911112113219221213111499991433111311546212232   51.73       1
  905972 6181C48S111111219399921921294911939191431119312486212233   53.62       1
  906972 6182C48U222229222319119222914911939293311311312745211333   51.35       1
  907214 6181C48S111111111219122222113423439321411111211346212133   53.42       1
  908918 6181C40U221211212311111221143421233332131311311346211134   56.12       1
  909361 6182C48R221111212311921292113121499293213319313667213331   41.00       1
  910956 6182C48S222212222313119223213413422233231311311465142233   25.19       2
  911512 6182C48U222222221311112221113411341213311111312673211332   52.73       1
  912512 6182C48U122222221311122221113411133213431119312535211234   45.42       1
  913409 6181C48S122219199999221911399911919992433139333262242131   56.00       2
  914318 6182C22S129192229399929123999999429993491219322192212131   54.46       1
  915903 6181C48S211111212111922121414421913212421111113546212232   51.73       1
  916903 6181C48R122212211341911121113332113221424239341303213131   54.38       1
  917830 6181C48S222292222331212221231411413992331119122183192132   59.69       2
  918479 6182C 5U222222922319221223921412949492439311122505221232   43.00       2
  919972 6182C48S111111222319911122213923493193431113311667212333   51.27       1
  920432 6181C48U111111111219921221419911933292231119311355211132   53.77       1
  921541 6182P41S222222222399311121299992399193439919322543212241   23.65       1
  922435 6181M49R222222222311211123213423213213131112212515213241   52.23       1
  923206 6182P53U122222222319212222114413331133231111312383211143   16.15       1
  924541 6182P41S121211292319211121114911123219491119391995242941   21.96       2
  925541 6182P41U222922292319912293113221914112419939313863211341   22.38       1
  926520 6181Z 4S122221222319312222114429933212431111312586212241   21.35       1
  927970 6181M 8U222212121319922229193991499993439912312563211241   53.81       1
  928303 6182M 8S211111929119921921113412133223431121311506212242   51.73       1
  929801 6181M49S111121212311122123114411333223321112313336212142   53.00       1
  930480 6182Z 4U211922229243911991193311399121433321343576211243   41.77       1
  931801 6182M49U221111919311229221913921993299491111311673211342   52.77       1
  932303 6181M 8S122221222312112222113913339232499219313637212342   51.58       1
  933303 6181M 8S122211222311121223112421443213311114311576212242   51.58       1
  934480 6182Z 4S222222222111411121412411313211133211111366212143   43.69       1
  935719 6181M 8U111211112311122221114913233211411311313605111341   22.65       2
  936775 6181P32R111211992211122122114423123212931119311435113241   15.88       2
  937303 6181M 8S122221921349219221113121443223411311332776212342   21.12       1
  938505 6182M35U111111912319121129114911193219421319311567211243   31.81       1
  939505 6182M35R299111912319991922923921491393411219311785213341   41.04       1
  940928 6182Z 4U122212112111122223114411133213311111311345211141   55.08       1
  941805 6181P 6U122291292319911221112411239223414919313513211243   36.69       1
  942775 6181P32R222229222394999221199942399923411119324883213341   22.38       1
  943801 6182M49U222222229311111229113411422232439111312535211242   52.58       1
  944719 6181M 8S229222221349112923444411311223411114313995242942   52.19       2
  945818 6181P 6U212212222313222221199411439193931911111266211145   18.38       1
  946530 6181P 6S221199999319921999293119499493439119131663212341   52.38       1
  947206 6182P53S222229229319222222919411339913231311312205212143   36.19       1
  948541 6182P41S222222222314411221229913343223431121332375242141   24.77       2
  949530 6182P 6U222222222399929293999921433299433311313996211942   51.23       1
  950541 6181M41R291119222319111122319421229923333111313425213241   54.12       1
  951360 6182P53R222222222319112221112923243212433312313633213341   33.81       1
  952619 6181P 6U122222222311112223113411123213421111312667241343   31.46       2
  953925 6181P 6U121111212111121223113411133213431113311797211344   11.46       1
  954253 6182P53S221111212311122222114421133112431111311605212343   22.19       1
  955415 6182P 6U122222222311212229114411243293111311311695211345   12.15       1
  956559 6181P 6S222222222399912229999912199192929329333823242342   43.23       2
  957562 6182P 6U122222292331212223113113434432333121112183121145   19.69       2
  958360 6182P53R219919912391919229393911499193439219333722213341   34.69       1
  959858 6182P 6S222212229331212221413213233322431191319407232243   34.31       2
  960323 6182P 6U199222121399991129231993299992919199392283111145   19.69       2
  961503 6182P41S122229222399211221194493432933911313323182942144   18.04       2
  962805 6181P 6S121111212311212229414411429293231119313697212343   31.27       1
  963949 6182P 6U122222229211192222119421129211333221312706211345   41.96       1
  964818 6182P 6U222222929319112221419922933211111911112515211245   14.58       1
  965530 6181P 6U122221292399912923193921499293331119311385111142   56.81       2
  966503 6181P41U222222222399122222923912429323433319312355211144   16.23       1
  967310 6181P 6S222212222213912229919919999299499199392766222345   12.08       2
  968530 6182P 6S222222922111212223113411133212431111312527212242   21.73       1
  969503 6181P41S121112192331122212443911433212111111312356242141   42.92       2
  970916 6181P 6S122222121311112222114411123292431119312667212344   31.46       1
  971541 6182P41U222229929319212223913911933913111913313665211341   21.04       1
  972714 6181P 6U111211111399121121423411213212439119311606231345   43.23       2
  973360 6181P53R229912112399921221299992499293499929131433213241   56.77       1
  974408 6181P 6U122222221112112223114421133213314119912503211244   17.65       1
  975619 6181P 6U229212292399999229999999999999999999393586221243   32.12       2
  976209 6181P 6R222221222211122221113411413232311111112286213141   54.08       1
  977714 6181P 6S111111292319221121113423129213933111311576212245   42.81       1
  978909 6181P 6U129999929399999999919992999992439319334493211241   35.04       1
  979650 6181P 6S122222122311212221113423131111431111313635212344   12.27       1
  980541 6181P41R122222922311112222113411243223434121312623213341   42.92       1
  981209 6181P 6S192222221111912222114411143213214211312546212243   33.65       1
  982541 6181P41S222111111319221221413911999922421329331733212341   22.38       1
  983559 6181P 6U191221222391221121332412329321431929331595211241   51.50       1
  984760 6181P 6U112211211321921923233343291413133493312992191943   38.46       2
  985509 6181P53R122212921311212222113421321219434119312637213341   41.35       1
  986360 6181P53S222222922311111923114913114493919323312755212343   31.38       1
  987360 6181P53R121911222211291992112913933219991119335685213341   41.04       1
  988360 6181P53R212222222391992229123991299123991319132745213341   41.04       1
  989805 6181P 6S222222222111111221113411193212431212313705212343   31.38       1
  990714 6181P 6U111111222311222222113921243213431211211575211245   43.08       1
  991916 6182P 6U122222121111112222114411233211311111312526211244   34.15       1
  992360 6181P53U222229992219122221119929133219411311313645211343   32.19       1
  993559 6182P 6S121111222319192221199923129293131921313345212142   45.88       1
  994619 6181P 6S122222222311322222213323332221334422313407112243   35.96       2
  995805 6182P 6S121119919319212213913922993292919119313665212341   41.04       1
  996415 6182P 6U122222222312112223113413423213213412313715291345   12.54       9
  997916 6182P 6U212211212111122222113911223232231111111586211244   32.04       1
  998916 6182P 6U122222122111292223114411133212431119312695211342   51.19       1
  999916 6182P 6U112219921311212922414421139393331311313565211242   51.73       1
 1000323 6182P 6U111121292119121121114921143213321111311587211245   12.81       1
 1001503 6181P41U122222222313192223111312319433331219213555211244   12.27       1
